[ColorDefinitions]
	[[OrangeColorParameter]]
		ID = 1
		Name = orange
		RenderColor_RGB = "( 255, 128, 0 )"
		MinArea_pixels = 4
		
		H_max = 0
		H_min = 0
		S_max = 0
		S_min = 0
		V_max = 0
		V_min = 0

	[[FieldGreenColorParameter]]
		ID = 2
		Name = green
		RenderColor_RGB = "( 0, 128, 0 )"
		MinArea_pixels = 100
		
		H_max = 0
		H_min = 0
		S_max = 0
		S_min = 0
		V_max = 0
		V_min = 0

	[[BlueColorParameter]]
		ID = 3
		Name = blue
		RenderColor_RGB = "( 0, 0, 255 )"
		MinArea_pixels = 100
		
		H_max = 0
		H_min = 0
		S_max = 0
		S_min = 0
		V_max = 0
		V_min = 0

	[[YellowColorParameter]]
		ID = 4
		Name = yellow
		RenderColor_RGB = "( 255, 255, 0 )"
		MinArea_pixels = 100
		
		H_max = 0
		H_min = 0
		S_max = 0
		S_min = 0
		V_max = 0
		V_min = 0

	[[WhiteColorParameter]]
		ID = 5
		Name = white
		RenderColor_RGB = "( 255, 255, 255 )"
		MinArea_pixels = 100
		
		H_max = 0
		H_min = 0
		S_max = 0
		S_min = 0
		V_max = 0
		V_min = 0

	[[BlackColorParameter]]
		ID = 6
		Name = black
		RenderColor_RGB = "( 0, 0, 0 )"
		MinArea_pixels = 100
		
		H_max = 0
		H_min = 0
		S_max = 0
		S_min = 0
		V_max = 0
		V_min = 0

	[[MagentaColorParameter]]
		ID = 7
		Name = magenta
		RenderColor_RGB = "( 128, 0, 255 )"
		MinArea_pixels = 100
		
		
		H_max = 0
		H_min = 0
		S_max = 0
		S_min = 0
		V_max = 0
		V_min = 0

	[[CyanColorParameter]]
		ID = 8
		Name = cyan
		RenderColor_RGB = "( 255, 255, 0 )"
		MinArea_pixels = 100
		
		H_max = 0
		H_min = 0
		S_max = 0
		S_min = 0
		V_max = 0
		V_min = 0

[CameraParameters]
	white_balance_temperature_auto = 0
	white_balance_temperature = 6000
	exposure_auto_priority = 0
	exposure_auto = 1
	exposure_absolute = 350
	brightness = 174
	contrast = 128
	saturation = 128
	gain = 0
	sharpness = 128
	focus_auto = 0

	fx = 575.463421
	fy = 579.194892
	cx = 345.875665
	cy = 275.302557
	imgW = 640
	imgH = 480
	k1 = 0.052307
	k2 = -0.074986
	k3 = -0.005107
	p1 = 0.006840
	p2 = 0.000000

[RobotDimension]
	Alpha = 0.0430353076953
	Phi = 4.71977471434
	Beta = 0.192945157923
	l2 = 0.04999980672708993
	l1 = 0.02222029283531699
	h2 = 0.03500434840607222
	H = 0.4404269141598935
	h1 = 0.005041054873004721
	L = -0.06046782022332391
	lx = -0.00010080274423848075

	
	
	


